# FITACF Processing Results
# Beams: 16, Ranges: 75
# Format: beam range velocity width power vel_error width_error power_error quality
0 0 1.82 500.00 9862.66 5.03 2.01 986.27 1
0 1 45.36 500.00 9612.55 5.10 2.04 961.26 1
0 2 130.92 500.00 9126.00 5.23 2.09 912.60 1
0 3 183.27 500.00 9557.02 5.11 2.05 955.70 1
0 4 237.54 500.00 8060.24 5.57 2.23 806.02 1
0 5 192.80 500.00 8303.45 5.49 2.19 830.34 1
0 6 240.36 500.00 7692.46 5.70 2.28 769.25 1
0 7 88.34 500.00 8384.34 5.46 2.18 838.43 1
0 8 100.20 500.00 6364.42 6.27 2.51 636.44 1
0 9 54.33 500.00 5940.20 6.49 2.59 594.02 1
0 10 -23.36 500.00 6160.14 6.37 2.55 616.01 1
0 11 -43.55 500.00 6450.16 6.23 2.49 645.02 1
0 12 8.92 500.00 5121.43 6.99 2.79 512.14 1
0 13 -129.36 500.00 5066.83 7.02 2.81 506.68 1
0 14 -178.61 500.00 5091.32 7.01 2.80 509.13 1
0 15 -239.61 500.00 4154.14 7.76 3.10 415.41 1
0 16 -249.99 500.00 4866.98 7.17 2.87 486.70 1
0 17 -118.72 500.00 5087.26 7.01 2.80 508.73 1
0 18 -86.10 500.00 3739.49 8.18 3.27 373.95 1
0 19 33.33 500.00 4550.51 7.41 2.96 455.05 1
0 20 8.34 500.00 3703.77 8.22 3.29 370.38 1
0 21 194.76 500.00 3323.93 8.67 3.47 332.39 1
0 22 -41.46 500.00 3282.05 8.73 3.49 328.20 1
0 23 92.47 500.00 3612.38 8.32 3.33 361.24 1
0 24 261.37 500.00 2707.08 9.61 3.84 270.71 1
0 25 146.32 500.00 2187.16 10.69 4.28 218.72 1
0 26 151.44 500.00 2667.61 9.68 3.87 266.76 1
0 27 308.15 500.00 2955.29 9.20 3.68 295.53 1
0 28 145.93 500.00 2425.81 10.15 4.06 242.58 1
0 29 87.52 500.00 2582.42 9.84 3.94 258.24 1
0 30 124.53 500.00 2220.75 10.61 4.24 222.07 1
0 31 181.21 500.00 2051.95 11.04 4.42 205.19 1
0 32 53.40 500.00 2114.73 10.87 4.35 211.47 1
0 33 -231.99 500.00 2086.24 10.95 4.38 208.62 1
0 34 -309.57 500.00 2097.68 10.92 4.37 209.77 1
0 35 -538.16 500.00 1545.89 12.72 5.09 154.59 1
0 36 -132.11 500.00 1283.59 13.96 5.58 128.36 1
0 37 -538.88 500.00 1208.84 14.38 5.75 120.88 1
0 38 -478.65 500.00 1337.57 13.67 5.47 133.76 1
0 39 -208.10 500.00 1466.07 13.06 5.22 146.61 1
0 40 233.98 500.00 1236.17 14.22 5.69 123.62 1
0 41 -222.39 500.00 1250.79 14.14 5.66 125.08 1
0 42 46.15 500.00 1207.04 14.39 5.76 120.70 1
0 43 82.44 500.00 866.62 16.98 6.79 86.66 1
0 44 282.99 500.00 1112.06 14.99 6.00 111.21 1
0 45 668.97 500.00 962.59 16.12 6.45 96.26 1
0 46 -314.53 500.00 953.69 16.19 6.48 95.37 1
0 47 787.95 500.00 890.80 16.75 6.70 89.08 1
0 48 200.31 500.00 767.91 18.04 7.22 76.79 1
0 49 601.32 500.00 815.64 17.51 7.00 81.56 1
0 50 15.81 500.00 709.05 18.78 7.51 70.90 1
0 51 183.51 500.00 761.58 18.12 7.25 76.16 1
0 52 265.08 500.00 646.51 19.66 7.87 64.65 1
0 53 -1185.02 500.00 666.75 19.36 7.75 66.68 1
0 54 -4.73 500.00 738.96 18.39 7.36 73.90 1
0 55 -577.47 500.00 523.04 21.86 8.75 52.30 1
0 56 -306.85 500.00 635.28 19.84 7.93 63.53 1
0 57 -439.58 500.00 553.03 21.26 8.50 55.30 1
0 58 -1486.23 500.00 474.06 22.96 9.19 47.41 1
0 59 119.13 500.00 603.33 20.36 8.14 60.33 1
0 60 610.21 435.72 481.19 22.79 9.12 48.12 1
0 61 151.31 500.00 426.88 24.20 9.68 42.69 1
0 62 -256.61 500.00 502.68 22.30 8.92 50.27 1
0 63 -7.38 500.00 458.88 23.34 9.34 45.89 1
0 64 628.28 500.00 428.99 24.14 9.66 42.90 1
0 65 140.40 500.00 419.67 24.41 9.76 41.97 1
0 66 116.83 500.00 417.09 24.48 9.79 41.71 1
0 67 -1845.78 500.00 401.57 24.95 9.98 40.16 1
0 68 -27.16 500.00 374.75 25.83 10.33 37.48 1
0 69 -86.93 500.00 319.10 27.99 11.20 31.91 1
0 70 -216.92 500.00 312.67 28.28 11.31 31.27 1
0 71 1579.40 500.00 288.10 29.46 11.78 28.81 1
0 72 -65.12 500.00 292.33 29.24 11.70 29.23 1
0 73 174.31 500.00 248.91 31.69 12.68 24.89 1
0 74 1042.50 500.00 228.87 33.05 13.22 22.89 1
1 0 -26.28 500.00 9828.08 5.04 2.02 982.81 1
1 1 46.88 500.00 9597.29 5.10 2.04 959.73 1
1 2 104.84 500.00 8607.38 5.39 2.16 860.74 1
1 3 116.36 500.00 9414.63 5.15 2.06 941.46 1
1 4 156.65 500.00 8385.98 5.46 2.18 838.60 1
1 5 245.54 500.00 8902.07 5.30 2.12 890.21 1
1 6 120.76 500.00 9497.09 5.13 2.05 949.71 1
1 7 210.56 500.00 6629.24 6.14 2.46 662.92 1
1 8 69.72 500.00 8479.40 5.43 2.17 847.94 1
1 9 131.14 500.00 7497.75 5.77 2.31 749.78 1
1 10 19.36 500.00 5596.95 6.68 2.67 559.70 1
1 11 -60.99 500.00 5886.67 6.52 2.61 588.67 1
1 12 -174.42 500.00 5370.49 6.82 2.73 537.05 1
1 13 -77.02 500.00 5721.84 6.61 2.64 572.18 1
1 14 -84.35 500.00 4909.60 7.14 2.85 490.96 1
1 15 -203.24 500.00 5457.41 6.77 2.71 545.74 1
1 16 -154.67 500.00 3647.25 8.28 3.31 364.72 1
1 17 -139.94 500.00 4777.90 7.23 2.89 477.79 1
1 18 -189.65 500.00 4295.21 7.63 3.05 429.52 1
1 19 57.48 500.00 3728.27 8.19 3.28 372.83 1
1 20 -69.83 500.00 3936.17 7.97 3.19 393.62 1
1 21 83.15 500.00 3544.07 8.40 3.36 354.41 1
1 22 148.83 500.00 3279.01 8.73 3.49 327.90 1
1 23 258.16 500.00 3108.49 8.97 3.59 310.85 1
1 24 169.10 500.00 2847.23 9.37 3.75 284.72 1
1 25 299.98 500.00 2792.41 9.46 3.78 279.24 1
1 26 377.44 500.00 2252.87 10.53 4.21 225.29 1
1 27 237.19 500.00 2824.82 9.41 3.76 282.48 1
1 28 95.92 500.00 2333.20 10.35 4.14 233.32 1
1 29 42.82 500.00 2420.75 10.16 4.06 242.07 1
1 30 -120.04 500.00 2155.43 10.77 4.31 215.54 1
1 31 87.10 500.00 2128.84 10.84 4.33 212.88 1
1 32 127.84 500.00 2152.75 10.78 4.31 215.27 1
1 33 32.86 500.00 1926.01 11.39 4.56 192.60 1
1 34 -277.06 500.00 1848.90 11.63 4.65 184.89 1
1 35 -104.57 500.00 1384.72 13.44 5.37 138.47 1
1 36 -167.73 500.00 1642.11 12.34 4.94 164.21 1
1 37 -566.59 500.00 1573.57 12.60 5.04 157.36 1
1 38 -246.66 500.00 1505.71 12.89 5.15 150.57 1
1 39 -174.10 500.00 1338.73 13.67 5.47 133.87 1
1 40 107.42 500.00 1698.77 12.13 4.85 169.88 1
1 41 -0.95 500.00 1536.64 12.76 5.10 153.66 1
1 42 -128.01 500.00 1349.23 13.61 5.44 134.92 1
1 43 392.19 500.00 1201.53 14.42 5.77 120.15 1
1 44 -331.41 500.00 1117.04 14.96 5.98 111.70 1
1 45 220.45 500.00 975.08 16.01 6.40 97.51 1
1 46 133.79 500.00 1187.95 14.51 5.80 118.79 1
1 47 -557.11 500.00 811.68 17.55 7.02 81.17 1
1 48 513.08 500.00 826.62 17.39 6.96 82.66 1
1 49 -289.13 500.00 966.99 16.08 6.43 96.70 1
1 50 797.80 500.00 799.01 17.69 7.08 79.90 1
1 51 -255.53 500.00 779.12 17.91 7.17 77.91 1
1 52 297.64 500.00 654.08 19.55 7.82 65.41 1
1 53 96.81 500.00 700.79 18.89 7.56 70.08 1
1 54 -297.51 500.00 471.00 23.04 9.22 47.10 1
1 55 -359.98 500.00 683.50 19.12 7.65 68.35 1
1 56 -57.22 500.00 630.20 19.92 7.97 63.02 1
1 57 -667.13 500.00 569.55 20.95 8.38 56.95 1
1 58 -304.72 500.00 608.94 20.26 8.10 60.89 1
1 59 488.83 500.00 520.01 21.93 8.77 52.00 1
1 60 532.11 500.00 437.10 23.92 9.57 43.71 1
1 61 732.73 500.00 383.14 25.54 10.22 38.31 1
1 62 -240.77 500.00 438.63 23.87 9.55 43.86 1
1 63 -425.12 500.00 402.73 24.92 9.97 40.27 1
1 64 880.88 500.00 422.93 24.31 9.73 42.29 1
1 65 1668.83 500.00 357.49 26.44 10.58 35.75 1
1 66 768.88 500.00 410.44 24.68 9.87 41.04 1
1 67 868.51 500.00 326.57 27.67 11.07 32.66 1
1 68 173.24 500.00 292.99 29.21 11.68 29.30 1
1 69 484.92 500.00 264.74 30.73 12.29 26.47 1
1 70 -673.06 500.00 327.26 27.64 11.06 32.73 1
1 71 -220.85 500.00 295.35 29.09 11.64 29.54 1
1 72 -991.62 500.00 272.51 30.29 12.12 27.25 1
1 73 277.01 500.00 255.86 31.26 12.50 25.59 1
1 74 -2138.63 500.00 227.95 33.12 13.25 22.79 1
2 0 13.18 500.00 10342.29 4.92 1.97 1034.23 1
2 1 36.70 500.00 8744.64 5.35 2.14 874.46 1
2 2 93.51 500.00 7890.80 5.63 2.25 789.08 1
2 3 200.65 500.00 7516.73 5.77 2.31 751.67 1
2 4 211.96 500.00 7322.92 5.84 2.34 732.29 1
2 5 176.56 500.00 7325.31 5.84 2.34 732.53 1
2 6 194.25 500.00 7585.18 5.74 2.30 758.52 1
2 7 133.92 500.00 7914.73 5.62 2.25 791.47 1
2 8 142.34 500.00 7016.27 5.97 2.39 701.63 1
2 9 115.36 500.00 6491.51 6.21 2.48 649.15 1
2 10 -1.81 500.00 6377.45 6.26 2.50 637.74 1
2 11 -39.17 500.00 6382.16 6.26 2.50 638.22 1
2 12 -133.10 500.00 5371.88 6.82 2.73 537.19 1
2 13 -227.03 500.00 5359.52 6.83 2.73 535.95 1
2 14 -211.38 500.00 4182.03 7.73 3.09 418.20 1
2 15 -225.15 500.00 4925.06 7.12 2.85 492.51 1
2 16 -277.20 500.00 5051.69 7.03 2.81 505.17 1
2 17 -70.94 500.00 4263.10 7.66 3.06 426.31 1
2 18 -32.51 500.00 4237.51 7.68 3.07 423.75 1
2 19 -67.56 500.00 3579.23 8.36 3.34 357.92 1
2 20 89.35 500.00 4013.99 7.89 3.16 401.40 1
2 21 -43.33 500.00 3349.02 8.64 3.46 334.90 1
2 22 96.35 500.00 4128.77 7.78 3.11 412.88 1
2 23 87.92 500.00 3047.53 9.06 3.62 304.75 1
2 24 181.82 500.00 3097.01 8.98 3.59 309.70 1
2 25 215.00 500.00 2934.68 9.23 3.69 293.47 1
2 26 88.06 500.00 2738.72 9.55 3.82 273.87 1
2 27 46.09 500.00 2783.02 9.48 3.79 278.30 1
2 28 77.33 500.00 2768.18 9.50 3.80 276.82 1
2 29 -56.36 500.00 2011.42 11.15 4.46 201.14 1
2 30 38.70 500.00 2217.70 10.62 4.25 221.77 1
2 31 -166.09 500.00 2281.50 10.47 4.19 228.15 1
2 32 -239.78 500.00 1931.56 11.38 4.55 193.16 1
2 33 -164.76 500.00 1881.32 11.53 4.61 188.13 1
2 34 -182.00 500.00 2169.88 10.73 4.29 216.99 1
2 35 139.04 500.00 1791.45 11.81 4.73 179.15 1
2 36 -263.24 500.00 1440.12 13.18 5.27 144.01 1
2 37 30.60 500.00 1751.78 11.95 4.78 175.18 1
2 38 3.04 500.00 1263.92 14.06 5.63 126.39 1
2 39 106.44 500.00 1519.99 12.82 5.13 152.00 1
2 40 201.09 500.00 1172.98 14.60 5.84 117.30 1
2 41 -9.48 500.00 1351.80 13.60 5.44 135.18 1
2 42 155.36 500.00 1225.29 14.28 5.71 122.53 1
2 43 573.52 500.00 1260.58 14.08 5.63 126.06 1
2 44 -241.33 500.00 1196.06 14.46 5.78 119.61 1
2 45 168.38 500.00 1007.01 15.76 6.30 100.70 1
2 46 -103.82 500.00 945.48 16.26 6.50 94.55 1
2 47 510.73 500.00 1096.00 15.10 6.04 109.60 1
2 48 22.16 500.00 1181.38 14.55 5.82 118.14 1
2 49 300.91 500.00 786.89 17.82 7.13 78.69 1
2 50 -81.57 500.00 640.89 19.75 7.90 64.09 1
2 51 -788.14 500.00 877.62 16.88 6.75 87.76 1
2 52 -57.36 500.00 625.95 19.98 7.99 62.60 1
2 53 294.14 500.00 607.72 20.28 8.11 60.77 1
2 54 -1102.68 500.00 636.18 19.82 7.93 63.62 1
2 55 -920.52 500.00 520.23 21.92 8.77 52.02 1
2 56 320.04 500.00 630.74 19.91 7.96 63.07 1
2 57 104.77 500.00 663.15 19.42 7.77 66.32 1
2 58 -30.57 500.00 521.66 21.89 8.76 52.17 1
2 59 549.71 500.00 552.52 21.27 8.51 55.25 1
2 60 436.48 500.00 430.80 24.09 9.64 43.08 1
2 61 204.91 500.00 487.70 22.64 9.06 48.77 1
2 62 -563.33 500.00 454.31 23.46 9.38 45.43 1
2 63 2591.84 500.00 430.23 24.11 9.64 43.02 1
2 64 410.43 500.00 401.54 24.95 9.98 40.15 1
2 65 -277.49 500.00 396.80 25.10 10.04 39.68 1
2 66 736.64 500.00 438.32 23.88 9.55 43.83 1
2 67 626.32 500.00 306.56 28.56 11.42 30.66 1
2 68 1006.16 500.00 299.47 28.89 11.56 29.95 1
2 69 -1175.30 500.00 319.43 27.98 11.19 31.94 1
2 70 941.45 500.00 305.79 28.59 11.44 30.58 1
2 71 -2156.06 500.00 288.73 29.43 11.77 28.87 1
2 72 354.22 500.00 234.67 32.64 13.06 23.47 1
2 73 -410.18 500.00 268.18 30.53 12.21 26.82 1
2 74 -962.10 500.00 201.78 35.20 14.08 20.18 1
3 0 25.44 500.00 11934.70 4.58 1.83 1193.47 1
3 1 51.95 500.00 8450.05 5.44 2.18 845.01 1
3 2 96.17 500.00 9386.59 5.16 2.06 938.66 1
3 3 162.86 500.00 9583.88 5.11 2.04 958.39 1
3 4 238.60 500.00 8400.17 5.46 2.18 840.02 1
3 5 210.11 500.00 8447.90 5.44 2.18 844.79 1
3 6 158.55 500.00 7220.10 5.88 2.35 722.01 1
3 7 166.06 500.00 7595.12 5.74 2.29 759.51 1
3 8 155.97 500.00 6812.13 6.06 2.42 681.21 1
3 9 17.25 500.00 5557.95 6.71 2.68 555.79 1
3 10 60.50 500.00 6822.57 6.05 2.42 682.26 1
3 11 -63.66 500.00 7379.73 5.82 2.33 737.97 1
3 12 -121.18 500.00 5561.64 6.70 2.68 556.16 1
3 13 -200.14 500.00 4730.01 7.27 2.91 473.00 1
3 14 -132.30 500.00 4795.99 7.22 2.89 479.60 1
3 15 -198.44 500.00 4679.40 7.31 2.92 467.94 1
3 16 -237.85 500.00 4945.76 7.11 2.84 494.58 1
3 17 -189.62 500.00 4605.38 7.37 2.95 460.54 1
3 18 -132.25 500.00 4411.16 7.53 3.01 441.12 1
3 19 -11.33 500.00 3439.88 8.53 3.41 343.99 1
3 20 -77.71 500.00 4087.42 7.82 3.13 408.74 1
3 21 107.25 500.00 3679.04 8.24 3.30 367.90 1
3 22 67.82 500.00 3449.27 8.51 3.41 344.93 1
3 23 261.18 500.00 3614.88 8.32 3.33 361.49 1
3 24 214.06 500.00 2956.19 9.20 3.68 295.62 1
3 25 279.86 500.00 2737.82 9.56 3.82 273.78 1
3 26 196.48 500.00 3054.02 9.05 3.62 305.40 1
3 27 -51.07 500.00 2499.53 10.00 4.00 249.95 1
3 28 -84.61 500.00 2498.86 10.00 4.00 249.89 1
3 29 -66.30 500.00 2344.23 10.33 4.13 234.42 1
3 30 15.67 500.00 2232.94 10.58 4.23 223.29 1
3 31 -25.35 500.00 2435.22 10.13 4.05 243.52 1
3 32 -29.35 500.00 1966.46 11.28 4.51 196.65 1
3 33 -246.45 500.00 2059.16 11.02 4.41 205.92 1
3 34 -181.62 500.00 1900.52 11.47 4.59 190.05 1
3 35 -236.85 500.00 1590.55 12.54 5.01 159.05 1
3 36 7.01 500.00 1963.86 11.28 4.51 196.39 1
3 37 -205.86 500.00 1622.20 12.41 4.97 162.22 1
3 38 360.97 500.00 1296.64 13.89 5.55 129.66 1
3 39 30.04 500.00 1393.36 13.39 5.36 139.34 1
3 40 -93.82 500.00 1414.15 13.30 5.32 141.41 1
3 41 108.61 500.00 1458.98 13.09 5.24 145.90 1
3 42 264.17 500.00 1140.81 14.80 5.92 114.08 1
3 43 329.78 500.00 1395.44 13.38 5.35 139.54 1
3 44 639.19 500.00 1120.90 14.93 5.97 112.09 1
3 45 671.49 500.00 969.80 16.06 6.42 96.98 1
3 46 62.15 500.00 976.50 16.00 6.40 97.65 1
3 47 185.62 500.00 1010.98 15.73 6.29 101.10 1
3 48 338.65 500.00 851.92 17.13 6.85 85.19 1
3 49 137.21 500.00 838.30 17.27 6.91 83.83 1
3 50 -467.99 500.00 912.72 16.55 6.62 91.27 1
3 51 -125.53 500.00 675.46 19.24 7.70 67.55 1
3 52 -138.55 500.00 780.43 17.90 7.16 78.04 1
3 53 88.73 500.00 776.22 17.95 7.18 77.62 1
3 54 -208.80 500.00 673.39 19.27 7.71 67.34 1
3 55 -381.14 500.00 667.60 19.35 7.74 66.76 1
3 56 -213.06 500.00 559.17 21.14 8.46 55.92 1
3 57 -1249.09 500.00 522.20 21.88 8.75 52.22 1
3 58 -524.69 500.00 573.68 20.88 8.35 57.37 1
3 59 -2.16 500.00 564.76 21.04 8.42 56.48 1
3 60 1371.09 500.00 550.96 21.30 8.52 55.10 1
3 61 42.41 500.00 483.71 22.73 9.09 48.37 1
3 62 22.15 500.00 482.26 22.77 9.11 48.23 1
3 63 -165.93 500.00 396.17 25.12 10.05 39.62 1
3 64 918.84 500.00 429.90 24.12 9.65 42.99 1
3 65 622.75 500.00 382.90 25.55 10.22 38.29 1
3 66 -299.57 500.00 448.01 23.62 9.45 44.80 1
3 67 99.28 500.00 341.29 27.07 10.83 34.13 1
3 68 33.46 500.00 350.72 26.70 10.68 35.07 1
3 69 834.05 500.00 298.00 28.96 11.59 29.80 1
3 70 465.56 500.00 262.71 30.85 12.34 26.27 1
3 71 480.71 500.00 300.68 28.83 11.53 30.07 1
3 72 -114.33 500.00 227.57 33.14 13.26 22.76 1
3 73 -1553.05 500.00 263.42 30.81 12.32 26.34 1
3 74 2352.21 500.00 248.99 31.69 12.67 24.90 1
4 0 13.32 500.00 9570.89 5.11 2.04 957.09 1
4 1 16.14 500.00 9368.36 5.17 2.07 936.84 1
4 2 188.11 500.00 9526.36 5.12 2.05 952.64 1
4 3 169.63 500.00 9732.04 5.07 2.03 973.20 1
4 4 136.74 500.00 9723.12 5.07 2.03 972.31 1
4 5 214.08 500.00 7237.43 5.88 2.35 723.74 1
4 6 203.83 500.00 6863.06 6.04 2.41 686.31 1
4 7 152.92 500.00 6994.80 5.98 2.39 699.48 1
4 8 92.70 500.00 7698.04 5.70 2.28 769.80 1
4 9 134.50 500.00 7186.99 5.90 2.36 718.70 1
4 10 4.99 500.00 5755.26 6.59 2.64 575.53 1
4 11 -69.58 500.00 5607.87 6.68 2.67 560.79 1
4 12 -169.46 500.00 6014.81 6.45 2.58 601.48 1
4 13 -209.29 500.00 4756.66 7.25 2.90 475.67 1
4 14 -102.24 500.00 4838.32 7.19 2.88 483.83 1
4 15 -275.49 500.00 4796.63 7.22 2.89 479.66 1
4 16 -146.41 500.00 5161.69 6.96 2.78 516.17 1
4 17 -205.63 500.00 4616.85 7.36 2.94 461.68 1
4 18 -79.43 500.00 4055.66 7.85 3.14 405.57 1
4 19 -64.49 500.00 4208.10 7.71 3.08 420.81 1
4 20 -51.16 500.00 3875.92 8.03 3.21 387.59 1
4 21 12.55 500.00 3574.30 8.36 3.35 357.43 1
4 22 39.87 500.00 3030.77 9.08 3.63 303.08 1
4 23 126.03 500.00 3190.62 8.85 3.54 319.06 1
4 24 89.49 500.00 3051.61 9.05 3.62 305.16 1
4 25 321.34 500.00 3200.50 8.84 3.54 320.05 1
4 26 21.46 500.00 3026.21 9.09 3.64 302.62 1
4 27 94.96 500.00 2675.03 9.67 3.87 267.50 1
4 28 127.87 500.00 2451.16 10.10 4.04 245.12 1
4 29 -6.19 500.00 2196.51 10.67 4.27 219.65 1
4 30 -78.52 500.00 2128.59 10.84 4.33 212.86 1
4 31 -15.38 500.00 2104.75 10.90 4.36 210.47 1
4 32 -29.27 500.00 2170.66 10.73 4.29 217.07 1
4 33 -372.15 500.00 1865.56 11.58 4.63 186.56 1
4 34 -157.87 500.00 1995.73 11.19 4.48 199.57 1
4 35 102.39 500.00 1883.94 11.52 4.61 188.39 1
4 36 118.65 500.00 1802.20 11.78 4.71 180.22 1
4 37 -404.19 500.00 1432.81 13.21 5.28 143.28 1
4 38 -299.02 500.00 1346.92 13.62 5.45 134.69 1
4 39 -113.20 500.00 1570.21 12.62 5.05 157.02 1
4 40 47.60 500.00 1523.84 12.81 5.12 152.38 1
4 41 27.29 500.00 1144.67 14.78 5.91 114.47 1
4 42 349.96 500.00 972.40 16.03 6.41 97.24 1
4 43 -327.42 500.00 1079.76 15.22 6.09 107.98 1
4 44 62.89 500.00 946.85 16.25 6.50 94.69 1
4 45 360.26 500.00 952.19 16.20 6.48 95.22 1
4 46 170.02 500.00 999.80 15.81 6.33 99.98 1
4 47 449.04 500.00 986.43 15.92 6.37 98.64 1
4 48 -131.72 500.00 1070.90 15.28 6.11 107.09 1
4 49 -575.73 500.00 888.03 16.78 6.71 88.80 1
4 50 -137.17 500.00 790.26 17.79 7.11 79.03 1
4 51 -28.83 500.00 732.73 18.47 7.39 73.27 1
4 52 655.11 500.00 690.31 19.03 7.61 69.03 1
4 53 -711.67 500.00 690.30 19.03 7.61 69.03 1
4 54 -476.32 500.00 760.26 18.13 7.25 76.03 1
4 55 52.57 500.00 655.59 19.53 7.81 65.56 1
4 56 -454.78 500.00 574.19 20.87 8.35 57.42 1
4 57 -492.22 500.00 645.37 19.68 7.87 64.54 1
4 58 -481.76 500.00 558.11 21.16 8.47 55.81 1
4 59 430.41 500.00 511.31 22.11 8.84 51.13 1
4 60 433.82 500.00 553.42 21.25 8.50 55.34 1
4 61 -427.02 500.00 492.69 22.53 9.01 49.27 1
4 62 63.63 500.00 476.62 22.90 9.16 47.66 1
4 63 -740.05 500.00 426.00 24.23 9.69 42.60 1
4 64 483.72 500.00 341.65 27.05 10.82 34.17 1
4 65 1390.61 500.00 356.63 26.48 10.59 35.66 1
4 66 -11.47 500.00 378.03 25.72 10.29 37.80 1
4 67 747.83 500.00 305.08 28.63 11.45 30.51 1
4 68 556.86 500.00 285.03 29.62 11.85 28.50 1
4 69 2448.89 10.00 289.75 29.37 11.75 28.97 1
4 70 -245.08 500.00 294.60 29.13 11.65 29.46 1
4 71 226.45 500.00 282.98 29.72 11.89 28.30 1
4 72 -638.26 500.00 218.24 33.85 13.54 21.82 1
4 73 -516.63 500.00 276.53 30.07 12.03 27.65 1
4 74 -1325.82 500.00 258.80 31.08 12.43 25.88 1
5 0 0.79 500.00 8538.43 5.41 2.16 853.84 1
5 1 27.97 500.00 9734.73 5.07 2.03 973.47 1
5 2 83.89 500.00 8678.31 5.37 2.15 867.83 1
5 3 161.89 500.00 8053.88 5.57 2.23 805.39 1
5 4 189.65 500.00 7832.43 5.65 2.26 783.24 1
5 5 210.14 500.00 9095.06 5.24 2.10 909.51 1
5 6 246.58 500.00 7459.82 5.79 2.32 745.98 1
5 7 147.49 500.00 7101.47 5.93 2.37 710.15 1
5 8 106.46 500.00 7501.17 5.77 2.31 750.12 1
5 9 86.64 500.00 6183.61 6.36 2.54 618.36 1
5 10 42.22 500.00 6917.42 6.01 2.40 691.74 1
5 11 -87.27 500.00 6297.32 6.30 2.52 629.73 1
5 12 -100.67 500.00 5783.67 6.57 2.63 578.37 1
5 13 -142.49 500.00 5422.18 6.79 2.72 542.22 1
5 14 -43.22 500.00 4564.12 7.40 2.96 456.41 1
5 15 -49.48 500.00 4464.38 7.48 2.99 446.44 1
5 16 -181.85 500.00 4823.68 7.20 2.88 482.37 1
5 17 -237.84 500.00 4110.88 7.80 3.12 411.09 1
5 18 -128.73 500.00 4029.32 7.88 3.15 402.93 1
5 19 -121.12 500.00 4116.89 7.79 3.12 411.69 1
5 20 -199.77 500.00 2902.34 9.28 3.71 290.23 1
5 21 95.65 500.00 3336.00 8.66 3.46 333.60 1
5 22 58.08 500.00 4074.60 7.83 3.13 407.46 1
5 23 230.86 500.00 2523.57 9.95 3.98 252.36 1
5 24 178.60 500.00 3100.39 8.98 3.59 310.04 1
5 25 217.95 500.00 3368.15 8.62 3.45 336.82 1
5 26 391.44 500.00 2548.35 9.90 3.96 254.84 1
5 27 267.21 500.00 2868.66 9.34 3.73 286.87 1
5 28 179.83 500.00 2106.28 10.89 4.36 210.63 1
5 29 62.02 500.00 2747.29 9.54 3.82 274.73 1
5 30 242.34 500.00 2084.66 10.95 4.38 208.47 1
5 31 -37.04 500.00 2047.88 11.05 4.42 204.79 1
5 32 -50.81 500.00 2334.34 10.35 4.14 233.43 1
5 33 -8.69 500.00 1644.21 12.33 4.93 164.42 1
5 34 -234.51 500.00 1873.98 11.55 4.62 187.40 1
5 35 -89.06 500.00 1617.65 12.43 4.97 161.76 1
5 36 -280.77 500.00 1754.77 11.94 4.77 175.48 1
5 37 -461.72 500.00 1486.78 12.97 5.19 148.68 1
5 38 140.14 500.00 1496.43 12.93 5.17 149.64 1
5 39 -126.03 500.00 1759.63 11.92 4.77 175.96 1
5 40 -236.06 500.00 1370.59 13.51 5.40 137.06 1
5 41 24.60 500.00 1445.31 13.15 5.26 144.53 1
5 42 -87.27 500.00 1169.02 14.62 5.85 116.90 1
5 43 35.44 500.00 1256.09 14.11 5.64 125.61 1
5 44 606.87 500.00 930.75 16.39 6.56 93.08 1
5 45 484.55 500.00 1143.34 14.79 5.91 114.33 1
5 46 362.61 500.00 949.29 16.23 6.49 94.93 1
5 47 610.32 500.00 849.94 17.15 6.86 84.99 1
5 48 -413.62 500.00 968.16 16.07 6.43 96.82 1
5 49 -164.73 500.00 782.60 17.87 7.15 78.26 1
5 50 -125.53 500.00 825.01 17.41 6.96 82.50 1
5 51 115.04 500.00 878.78 16.87 6.75 87.88 1
5 52 -467.48 500.00 699.10 18.91 7.56 69.91 1
5 53 -65.47 500.00 619.93 20.08 8.03 61.99 1
5 54 -1219.95 500.00 709.48 18.77 7.51 70.95 1
5 55 -947.09 500.00 672.24 19.28 7.71 67.22 1
5 56 700.56 500.00 488.23 22.63 9.05 48.82 1
5 57 -632.53 500.00 714.53 18.71 7.48 71.45 1
5 58 -1040.12 500.00 511.85 22.10 8.84 51.19 1
5 59 -709.25 500.00 573.89 20.87 8.35 57.39 1
5 60 93.41 500.00 525.21 21.82 8.73 52.52 1
5 61 817.94 500.00 354.73 26.55 10.62 35.47 1
5 62 -383.27 500.00 472.79 23.00 9.20 47.28 1
5 63 620.37 500.00 441.02 23.81 9.52 44.10 1
5 64 -23.24 500.00 401.63 24.95 9.98 40.16 1
5 65 313.20 500.00 410.15 24.69 9.88 41.01 1
5 66 -309.95 500.00 339.10 27.15 10.86 33.91 1
5 67 -108.83 500.00 386.61 25.43 10.17 38.66 1
5 68 -306.02 500.00 276.28 30.08 12.03 27.63 1
5 69 -1601.26 500.00 327.76 27.62 11.05 32.78 1
5 70 -489.87 10.00 320.15 27.94 11.18 32.02 1
5 71 1924.10 500.00 235.80 32.56 13.02 23.58 1
5 72 2384.46 500.00 266.57 30.62 12.25 26.66 1
5 73 -938.62 500.00 243.21 32.06 12.82 24.32 1
5 74 2563.58 500.00 253.39 31.41 12.56 25.34 1
6 0 -19.54 500.00 11063.73 4.75 1.90 1106.37 1
6 1 71.85 500.00 11780.27 4.61 1.84 1178.03 1
6 2 126.94 500.00 7822.88 5.65 2.26 782.29 1
6 3 193.99 500.00 8735.81 5.35 2.14 873.58 1
6 4 153.44 500.00 7586.49 5.74 2.30 758.65 1
6 5 362.67 500.00 6393.26 6.25 2.50 639.33 1
6 6 234.54 500.00 8188.94 5.53 2.21 818.89 1
6 7 222.24 500.00 7493.04 5.78 2.31 749.30 1
6 8 110.55 500.00 7297.42 5.85 2.34 729.74 1
6 9 111.30 500.00 6581.34 6.16 2.47 658.13 1
6 10 -54.15 500.00 4724.46 7.27 2.91 472.45 1
6 11 -88.47 500.00 5276.46 6.88 2.75 527.65 1
6 12 -29.75 500.00 5573.65 6.70 2.68 557.36 1
6 13 -46.02 500.00 5726.87 6.61 2.64 572.69 1
6 14 -241.70 500.00 3695.93 8.22 3.29 369.59 1
6 15 -449.34 500.00 4806.58 7.21 2.88 480.66 1
6 16 -289.37 500.00 4741.48 7.26 2.90 474.15 1
6 17 -253.06 500.00 4457.15 7.49 3.00 445.72 1
6 18 -94.69 500.00 4130.40 7.78 3.11 413.04 1
6 19 10.72 500.00 3451.79 8.51 3.40 345.18 1
6 20 -64.35 500.00 3122.73 8.95 3.58 312.27 1
6 21 21.05 500.00 3833.37 8.08 3.23 383.34 1
6 22 53.03 500.00 3078.95 9.01 3.60 307.89 1
6 23 105.39 500.00 3241.13 8.78 3.51 324.11 1
6 24 105.82 500.00 2857.09 9.35 3.74 285.71 1
6 25 144.59 500.00 3653.30 8.27 3.31 365.33 1
6 26 146.18 500.00 2853.69 9.36 3.74 285.37 1
6 27 403.72 500.00 2347.22 10.32 4.13 234.72 1
6 28 293.79 500.00 2396.92 10.21 4.09 239.69 1
6 29 40.92 500.00 2277.10 10.48 4.19 227.71 1
6 30 -77.20 500.00 1804.62 11.77 4.71 180.46 1
6 31 -501.20 500.00 1948.77 11.33 4.53 194.88 1
6 32 -14.50 500.00 2308.16 10.41 4.16 230.82 1
6 33 159.91 500.00 1996.51 11.19 4.48 199.65 1
6 34 -324.72 500.00 1751.86 11.95 4.78 175.19 1
6 35 -200.47 500.00 1575.45 12.60 5.04 157.54 1
6 36 -535.41 500.00 1534.13 12.77 5.11 153.41 1
6 37 -37.38 500.00 1778.72 11.86 4.74 177.87 1
6 38 -110.30 500.00 1567.41 12.63 5.05 156.74 1
6 39 282.81 500.00 1392.69 13.40 5.36 139.27 1
6 40 -803.36 500.00 1031.54 15.57 6.23 103.15 1
6 41 -54.42 500.00 1348.18 13.62 5.45 134.82 1
6 42 123.72 500.00 1205.72 14.40 5.76 120.57 1
6 43 -269.36 500.00 1160.03 14.68 5.87 116.00 1
6 44 733.90 500.00 1155.92 14.71 5.88 115.59 1
6 45 401.57 500.00 1043.70 15.48 6.19 104.37 1
6 46 714.70 500.00 1039.17 15.51 6.20 103.92 1
6 47 156.64 500.00 948.81 16.23 6.49 94.88 1
6 48 243.09 500.00 952.33 16.20 6.48 95.23 1
6 49 -51.84 500.00 938.22 16.32 6.53 93.82 1
6 50 502.67 500.00 830.68 17.35 6.94 83.07 1
6 51 -113.58 500.00 740.16 18.38 7.35 74.02 1
6 52 -357.35 500.00 851.19 17.14 6.86 85.12 1
6 53 12.11 500.00 686.52 19.08 7.63 68.65 1
6 54 -578.52 500.00 697.43 18.93 7.57 69.74 1
6 55 757.28 500.00 725.40 18.56 7.43 72.54 1
6 56 -243.75 500.00 560.30 21.12 8.45 56.03 1
6 57 -261.35 500.00 577.87 20.80 8.32 57.79 1
6 58 -527.30 500.00 616.45 20.14 8.06 61.64 1
6 59 341.71 500.00 581.20 20.74 8.30 58.12 1
6 60 204.26 500.00 530.34 21.71 8.68 53.03 1
6 61 248.90 500.00 513.05 22.07 8.83 51.31 1
6 62 2159.85 500.00 442.56 23.77 9.51 44.26 1
6 63 97.70 500.00 419.10 24.42 9.77 41.91 1
6 64 497.11 500.00 427.28 24.19 9.68 42.73 1
6 65 324.29 500.00 365.79 26.14 10.46 36.58 1
6 66 -520.62 500.00 349.74 26.74 10.69 34.97 1
6 67 -1888.06 500.00 295.90 29.07 11.63 29.59 1
6 68 -1644.85 500.00 285.29 29.60 11.84 28.53 1
6 69 -1698.56 500.00 319.02 27.99 11.20 31.90 1
6 70 -500.14 500.00 290.30 29.35 11.74 29.03 1
6 71 990.28 500.00 281.19 29.82 11.93 28.12 1
6 72 2210.80 500.00 213.23 34.24 13.70 21.32 1
6 73 -1178.94 500.00 247.71 31.77 12.71 24.77 1
6 74 -529.06 500.00 212.71 34.28 13.71 21.27 1
7 0 -3.19 500.00 9527.27 5.12 2.05 952.73 1
7 1 98.80 500.00 9281.09 5.19 2.08 928.11 1
7 2 79.12 500.00 8747.49 5.35 2.14 874.75 1
7 3 178.28 500.00 8115.46 5.55 2.22 811.55 1
7 4 229.48 500.00 8388.74 5.46 2.18 838.87 1
7 5 179.26 500.00 6329.76 6.28 2.51 632.98 1
7 6 222.04 500.00 7472.50 5.78 2.31 747.25 1
7 7 145.78 500.00 7439.86 5.80 2.32 743.99 1
7 8 91.96 500.00 6673.06 6.12 2.45 667.31 1
7 9 71.90 500.00 6225.42 6.34 2.53 622.54 1
7 10 62.05 500.00 6932.09 6.01 2.40 693.21 1
7 11 -131.48 500.00 5791.22 6.57 2.63 579.12 1
7 12 -147.75 500.00 5879.13 6.52 2.61 587.91 1
7 13 -243.88 500.00 6454.37 6.22 2.49 645.44 1
7 14 -357.88 500.00 5406.55 6.80 2.72 540.66 1
7 15 -272.69 500.00 4819.51 7.20 2.88 481.95 1
7 16 -295.14 500.00 4887.94 7.15 2.86 488.79 1
7 17 -124.33 500.00 4354.75 7.58 3.03 435.47 1
7 18 -20.91 500.00 4229.19 7.69 3.08 422.92 1
7 19 -282.40 500.00 3272.16 8.74 3.50 327.22 1
7 20 -56.77 500.00 3219.14 8.81 3.53 321.91 1
7 21 239.62 500.00 3149.58 8.91 3.56 314.96 1
7 22 205.31 500.00 3665.20 8.26 3.30 366.52 1
7 23 -23.53 500.00 3088.20 9.00 3.60 308.82 1
7 24 -38.72 500.00 3248.21 8.77 3.51 324.82 1
7 25 185.56 500.00 2812.76 9.43 3.77 281.28 1
7 26 244.26 500.00 2890.65 9.30 3.72 289.07 1
7 27 53.08 500.00 2710.96 9.60 3.84 271.10 1
7 28 371.60 500.00 2607.23 9.79 3.92 260.72 1
7 29 170.98 500.00 2432.76 10.14 4.05 243.28 1
7 30 14.82 500.00 2775.38 9.49 3.80 277.54 1
7 31 125.15 500.00 2178.76 10.71 4.28 217.88 1
7 32 -157.78 500.00 2122.97 10.85 4.34 212.30 1
7 33 -40.20 500.00 1822.70 11.71 4.68 182.27 1
7 34 -75.82 500.00 2038.08 11.08 4.43 203.81 1
7 35 -497.33 500.00 1737.50 12.00 4.80 173.75 1
7 36 -234.91 500.00 1577.70 12.59 5.04 157.77 1
7 37 189.84 500.00 1434.64 13.20 5.28 143.46 1
7 38 -68.04 500.00 1528.65 12.79 5.12 152.87 1
7 39 -283.18 500.00 1299.55 13.87 5.55 129.96 1
7 40 -271.55 500.00 1333.92 13.69 5.48 133.39 1
7 41 129.71 500.00 1137.17 14.83 5.93 113.72 1
7 42 547.41 500.00 1268.34 14.04 5.62 126.83 1
7 43 617.96 500.00 1368.75 13.51 5.41 136.87 1
7 44 -17.39 500.00 1036.55 15.53 6.21 103.66 1
7 45 3.11 500.00 1071.70 15.27 6.11 107.17 1
7 46 869.63 500.00 961.14 16.13 6.45 96.11 1
7 47 27.95 500.00 1056.22 15.38 6.15 105.62 1
7 48 253.02 500.00 966.44 16.08 6.43 96.64 1
7 49 -579.22 500.00 787.23 17.82 7.13 78.72 1
7 50 -71.50 500.00 748.23 18.28 7.31 74.82 1
7 51 -113.23 500.00 868.68 16.96 6.79 86.87 1
7 52 -424.66 500.00 766.45 18.06 7.22 76.65 1
7 53 -292.45 500.00 760.36 18.13 7.25 76.04 1
7 54 -128.24 500.00 777.16 17.94 7.17 77.72 1
7 55 -619.81 500.00 783.81 17.86 7.14 78.38 1
7 56 -270.19 500.00 726.49 18.55 7.42 72.65 1
7 57 -335.48 500.00 566.31 21.01 8.40 56.63 1
7 58 273.63 500.00 504.60 22.26 8.90 50.46 1
7 59 -547.23 500.00 519.51 21.94 8.77 51.95 1
7 60 894.58 500.00 420.10 24.39 9.76 42.01 1
7 61 84.11 500.00 436.66 23.93 9.57 43.67 1
7 62 444.18 500.00 464.28 23.20 9.28 46.43 1
7 63 -1500.75 500.00 325.96 27.69 11.08 32.60 1
7 64 129.15 500.00 441.66 23.79 9.52 44.17 1
7 65 -333.15 500.00 402.94 24.91 9.96 40.29 1
7 66 714.80 500.00 432.09 24.05 9.62 43.21 1
7 67 703.21 500.00 354.30 26.56 10.63 35.43 1
7 68 -320.92 500.00 330.90 27.49 10.99 33.09 1
7 69 -802.70 500.00 303.47 28.70 11.48 30.35 1
7 70 -1271.93 500.00 302.26 28.76 11.50 30.23 1
7 71 111.07 500.00 288.88 29.42 11.77 28.89 1
7 72 8.82 500.00 255.51 31.28 12.51 25.55 1
7 73 -3428.46 500.00 250.70 31.58 12.63 25.07 1
7 74 -1470.94 500.00 237.26 32.46 12.98 23.73 1
8 0 -0.17 500.00 11159.13 4.73 1.89 1115.91 1
8 1 47.60 500.00 10725.60 4.83 1.93 1072.56 1
8 2 169.45 500.00 6715.85 6.10 2.44 671.59 1
8 3 164.83 500.00 8618.48 5.39 2.15 861.85 1
8 4 217.47 500.00 6888.53 6.02 2.41 688.85 1
8 5 274.22 500.00 8133.45 5.54 2.22 813.35 1
8 6 186.14 500.00 7110.42 5.93 2.37 711.04 1
8 7 150.89 500.00 5805.61 6.56 2.62 580.56 1
8 8 155.94 500.00 7698.03 5.70 2.28 769.80 1
8 9 40.81 500.00 5750.75 6.59 2.64 575.07 1
8 10 -60.83 500.00 6518.13 6.19 2.48 651.81 1
8 11 -84.98 500.00 5913.59 6.50 2.60 591.36 1
8 12 -165.12 500.00 5572.22 6.70 2.68 557.22 1
8 13 -232.49 500.00 5145.74 6.97 2.79 514.57 1
8 14 -163.85 500.00 5494.59 6.75 2.70 549.46 1
8 15 -191.07 500.00 5229.33 6.91 2.77 522.93 1
8 16 -198.38 500.00 4175.84 7.74 3.09 417.58 1
8 17 -112.99 500.00 4674.76 7.31 2.93 467.48 1
8 18 55.86 500.00 3910.47 8.00 3.20 391.05 1
8 19 -95.04 500.00 3662.57 8.26 3.30 366.26 1
8 20 -1.97 500.00 3289.87 8.72 3.49 328.99 1
8 21 19.34 500.00 4254.17 7.67 3.07 425.42 1
8 22 80.78 500.00 2946.61 9.21 3.68 294.66 1
8 23 152.06 500.00 3147.44 8.91 3.56 314.74 1
8 24 319.33 500.00 3447.62 8.52 3.41 344.76 1
8 25 198.24 500.00 2642.12 9.73 3.89 264.21 1
8 26 259.12 500.00 2401.62 10.20 4.08 240.16 1
8 27 30.89 500.00 2425.50 10.15 4.06 242.55 1
8 28 105.88 500.00 2660.80 9.69 3.88 266.08 1
8 29 260.57 500.00 2469.37 10.06 4.02 246.94 1
8 30 19.75 500.00 2381.48 10.25 4.10 238.15 1
8 31 70.32 500.00 1989.71 11.21 4.48 198.97 1
8 32 -156.23 500.00 1601.33 12.49 5.00 160.13 1
8 33 -213.66 500.00 2099.89 10.91 4.36 209.99 1
8 34 -139.30 500.00 2137.44 10.81 4.33 213.74 1
8 35 -180.73 500.00 1869.63 11.56 4.63 186.96 1
8 36 -482.23 500.00 1515.76 12.84 5.14 151.58 1
8 37 -272.72 500.00 1632.52 12.37 4.95 163.25 1
8 38 -449.99 500.00 1433.91 13.20 5.28 143.39 1
8 39 -27.85 500.00 1401.83 13.35 5.34 140.18 1
8 40 366.49 500.00 1505.14 12.89 5.16 150.51 1
8 41 -45.46 500.00 1363.64 13.54 5.42 136.36 1
8 42 -44.61 500.00 1117.25 14.96 5.98 111.72 1
8 43 -284.14 500.00 1134.50 14.84 5.94 113.45 1
8 44 140.02 500.00 1322.13 13.75 5.50 132.21 1
8 45 -354.29 500.00 1177.23 14.57 5.83 117.72 1
8 46 -453.35 500.00 1034.03 15.55 6.22 103.40 1
8 47 76.57 500.00 864.44 17.01 6.80 86.44 1
8 48 377.41 500.00 674.85 19.25 7.70 67.49 1
8 49 -101.23 500.00 760.62 18.13 7.25 76.06 1
8 50 -487.87 500.00 836.96 17.28 6.91 83.70 1
8 51 -30.44 500.00 897.78 16.69 6.67 89.78 1
8 52 222.58 500.00 761.46 18.12 7.25 76.15 1
8 53 -225.00 500.00 799.44 17.68 7.07 79.94 1
8 54 465.72 500.00 643.53 19.71 7.88 64.35 1
8 55 -51.03 500.00 495.14 22.47 8.99 49.51 1
8 56 -693.82 500.00 608.31 20.27 8.11 60.83 1
8 57 613.14 500.00 636.41 19.82 7.93 63.64 1
8 58 644.17 500.00 534.40 21.63 8.65 53.44 1
8 59 -513.89 500.00 490.56 22.57 9.03 49.06 1
8 60 -628.15 176.71 466.80 23.14 9.26 46.68 1
8 61 -339.01 500.00 542.84 21.46 8.58 54.28 1
8 62 -611.59 500.00 500.52 22.35 8.94 50.05 1
8 63 241.31 500.00 468.65 23.10 9.24 46.87 1
8 64 30.69 500.00 422.78 24.32 9.73 42.28 1
8 65 1670.40 500.00 355.46 26.52 10.61 35.55 1
8 66 -268.82 500.00 428.44 24.16 9.66 42.84 1
8 67 -320.09 500.00 319.96 27.95 11.18 32.00 1
8 68 -691.71 500.00 336.52 27.26 10.90 33.65 1
8 69 -316.12 500.00 339.21 27.15 10.86 33.92 1
8 70 -1528.36 500.00 342.82 27.00 10.80 34.28 1
8 71 -146.71 500.00 289.13 29.40 11.76 28.91 1
8 72 -494.31 500.00 279.37 29.91 11.97 27.94 1
8 73 1270.94 500.00 333.47 27.38 10.95 33.35 1
8 74 -1532.23 500.00 270.04 30.43 12.17 27.00 1
9 0 -6.63 500.00 9600.17 5.10 2.04 960.02 1
9 1 91.92 500.00 8649.83 5.38 2.15 864.98 1
9 2 59.59 500.00 9406.11 5.16 2.06 940.61 1
9 3 112.66 500.00 9571.99 5.11 2.04 957.20 1
9 4 212.65 500.00 9002.11 5.27 2.11 900.21 1
9 5 144.75 500.00 7823.37 5.65 2.26 782.34 1
9 6 202.06 500.00 6819.86 6.05 2.42 681.99 1
9 7 242.03 500.00 6020.69 6.44 2.58 602.07 1
9 8 21.03 500.00 6779.08 6.07 2.43 677.91 1
9 9 50.31 500.00 6988.58 5.98 2.39 698.86 1
9 10 85.02 500.00 5465.69 6.76 2.71 546.57 1
9 11 -43.89 500.00 6779.38 6.07 2.43 677.94 1
9 12 -64.49 500.00 5775.75 6.58 2.63 577.57 1
9 13 -125.99 500.00 4786.61 7.23 2.89 478.66 1
9 14 -197.63 500.00 4388.17 7.55 3.02 438.82 1
9 15 -161.72 500.00 4821.81 7.20 2.88 482.18 1
9 16 -211.43 500.00 4169.91 7.74 3.10 416.99 1
9 17 -224.97 500.00 4070.69 7.84 3.13 407.07 1
9 18 -250.89 500.00 3826.02 8.08 3.23 382.60 1
9 19 -31.40 500.00 3922.58 7.98 3.19 392.26 1
9 20 123.16 500.00 3887.20 8.02 3.21 388.72 1
9 21 87.34 500.00 3438.74 8.53 3.41 343.87 1
9 22 102.00 500.00 3824.54 8.09 3.23 382.45 1
9 23 79.55 500.00 2711.67 9.60 3.84 271.17 1
9 24 150.49 500.00 2680.69 9.66 3.86 268.07 1
9 25 204.02 500.00 3114.12 8.96 3.58 311.41 1
9 26 176.61 500.00 3188.01 8.86 3.54 318.80 1
9 27 71.02 500.00 2737.62 9.56 3.82 273.76 1
9 28 56.45 500.00 2734.97 9.56 3.82 273.50 1
9 29 64.13 500.00 2621.80 9.76 3.91 262.18 1
9 30 -54.13 500.00 2234.09 10.58 4.23 223.41 1
9 31 -266.07 500.00 2351.45 10.31 4.12 235.14 1
9 32 -12.19 500.00 1897.15 11.48 4.59 189.72 1
9 33 102.08 500.00 2088.47 10.94 4.38 208.85 1
9 34 -155.12 500.00 1967.23 11.27 4.51 196.72 1
9 35 -274.06 500.00 2145.87 10.79 4.32 214.59 1
9 36 -338.28 500.00 1808.79 11.76 4.70 180.88 1
9 37 -207.87 500.00 1560.32 12.66 5.06 156.03 1
9 38 -131.34 500.00 1493.08 12.94 5.18 149.31 1
9 39 383.82 500.00 1325.76 13.73 5.49 132.58 1
9 40 -57.66 500.00 1419.49 13.27 5.31 141.95 1
9 41 72.62 500.00 1202.78 14.42 5.77 120.28 1
9 42 349.74 500.00 1129.16 14.88 5.95 112.92 1
9 43 544.10 500.00 1196.93 14.45 5.78 119.69 1
9 44 31.59 500.00 1296.15 13.89 5.56 129.61 1
9 45 41.81 500.00 1061.20 15.35 6.14 106.12 1
9 46 -7.05 500.00 945.84 16.26 6.50 94.58 1
9 47 719.51 500.00 1190.25 14.49 5.80 119.02 1
9 48 23.19 500.00 922.59 16.46 6.58 92.26 1
9 49 23.23 500.00 724.16 18.58 7.43 72.42 1
9 50 432.56 500.00 721.98 18.61 7.44 72.20 1
9 51 267.90 500.00 700.10 18.90 7.56 70.01 1
9 52 -504.10 500.00 730.09 18.50 7.40 73.01 1
9 53 237.57 500.00 702.84 18.86 7.54 70.28 1
9 54 582.94 500.00 540.32 21.51 8.60 54.03 1
9 55 -771.09 500.00 661.83 19.44 7.77 66.18 1
9 56 330.59 500.00 632.07 19.89 7.96 63.21 1
9 57 308.88 500.00 605.18 20.32 8.13 60.52 1
9 58 -143.05 500.00 636.35 19.82 7.93 63.63 1
9 59 -772.02 500.00 547.83 21.36 8.54 54.78 1
9 60 830.79 500.00 458.99 23.34 9.34 45.90 1
9 61 68.17 500.00 507.24 22.20 8.88 50.72 1
9 62 589.61 500.00 522.21 21.88 8.75 52.22 1
9 63 -479.24 500.00 432.82 24.03 9.61 43.28 1
9 64 130.77 500.00 312.11 28.30 11.32 31.21 1
9 65 669.97 500.00 415.16 24.54 9.82 41.52 1
9 66 381.71 500.00 396.76 25.10 10.04 39.68 1
9 67 438.44 500.00 346.13 26.88 10.75 34.61 1
9 68 -306.72 500.00 336.63 27.25 10.90 33.66 1
9 69 -247.18 500.00 299.81 28.88 11.55 29.98 1
9 70 684.29 500.00 339.06 27.15 10.86 33.91 1
9 71 963.68 500.00 296.59 29.03 11.61 29.66 1
9 72 66.35 500.00 236.74 32.50 13.00 23.67 1
9 73 2058.97 500.00 254.53 31.34 12.54 25.45 1
9 74 1064.77 500.00 243.77 32.02 12.81 24.38 1
10 0 20.84 500.00 11187.78 4.73 1.89 1118.78 1
10 1 -20.07 500.00 9302.63 5.18 2.07 930.26 1
10 2 168.70 500.00 10712.00 4.83 1.93 1071.20 1
10 3 173.83 500.00 10047.20 4.99 2.00 1004.72 1
10 4 234.68 500.00 9170.04 5.22 2.09 917.00 1
10 5 203.28 500.00 7593.80 5.74 2.30 759.38 1
10 6 151.18 500.00 7845.49 5.64 2.26 784.55 1
10 7 217.96 500.00 7210.44 5.89 2.36 721.04 1
10 8 95.20 500.00 6500.47 6.20 2.48 650.05 1
10 9 48.80 500.00 4957.32 7.10 2.84 495.73 1
10 10 14.67 500.00 6355.20 6.27 2.51 635.52 1
10 11 -80.82 500.00 5071.47 7.02 2.81 507.15 1
10 12 -134.21 500.00 5782.27 6.58 2.63 578.23 1
10 13 -188.82 500.00 5319.54 6.86 2.74 531.95 1
10 14 -185.76 500.00 5493.83 6.75 2.70 549.38 1
10 15 -253.98 500.00 5097.57 7.00 2.80 509.76 1
10 16 -231.15 500.00 4563.96 7.40 2.96 456.40 1
10 17 -179.80 500.00 4393.79 7.54 3.02 439.38 1
10 18 -175.57 500.00 4403.29 7.53 3.01 440.33 1
10 19 -147.82 500.00 3452.53 8.51 3.40 345.25 1
10 20 -70.27 500.00 4277.94 7.64 3.06 427.79 1
10 21 178.59 500.00 3431.94 8.53 3.41 343.19 1
10 22 24.28 500.00 3142.15 8.92 3.57 314.21 1
10 23 216.59 500.00 3482.75 8.47 3.39 348.28 1
10 24 144.29 500.00 2860.92 9.35 3.74 286.09 1
10 25 118.82 500.00 3337.21 8.66 3.46 333.72 1
10 26 184.97 500.00 2794.61 9.46 3.78 279.46 1
10 27 53.24 500.00 2639.15 9.73 3.89 263.92 1
10 28 -9.48 500.00 2687.54 9.64 3.86 268.75 1
10 29 -27.56 500.00 2313.39 10.40 4.16 231.34 1
10 30 90.20 500.00 2373.43 10.26 4.11 237.34 1
10 31 -33.16 500.00 1985.85 11.22 4.49 198.59 1
10 32 -294.49 500.00 1948.61 11.33 4.53 194.86 1
10 33 -455.31 500.00 1577.24 12.59 5.04 157.72 1
10 34 -541.92 500.00 2169.00 10.74 4.29 216.90 1
10 35 -109.99 500.00 1794.30 11.80 4.72 179.43 1
10 36 -204.06 500.00 1460.49 13.08 5.23 146.05 1
10 37 -151.44 500.00 1300.94 13.86 5.54 130.09 1
10 38 -346.80 500.00 1345.74 13.63 5.45 134.57 1
10 39 26.18 500.00 1332.29 13.70 5.48 133.23 1
10 40 -153.33 500.00 1362.67 13.54 5.42 136.27 1
10 41 -100.04 500.00 1063.11 15.33 6.13 106.31 1
10 42 -28.69 500.00 1067.14 15.31 6.12 106.71 1
10 43 690.34 500.00 1001.87 15.80 6.32 100.19 1
10 44 32.43 500.00 986.00 15.92 6.37 98.60 1
10 45 358.81 500.00 1106.26 15.03 6.01 110.63 1
10 46 101.75 500.00 1118.43 14.95 5.98 111.84 1
10 47 -436.66 500.00 889.46 16.77 6.71 88.95 1
10 48 -271.74 500.00 1041.65 15.49 6.20 104.17 1
10 49 -300.87 500.00 776.39 17.94 7.18 77.64 1
10 50 161.51 500.00 751.15 18.24 7.30 75.12 1
10 51 74.64 500.00 864.83 17.00 6.80 86.48 1
10 52 -268.90 500.00 724.28 18.58 7.43 72.43 1
10 53 -1339.91 500.00 602.14 20.38 8.15 60.21 1
10 54 -125.54 500.00 623.56 20.02 8.01 62.36 1
10 55 -808.06 500.00 685.25 19.10 7.64 68.53 1
10 56 392.84 500.00 550.10 21.32 8.53 55.01 1
10 57 -1209.20 500.00 637.52 19.80 7.92 63.75 1
10 58 -294.79 500.00 466.63 23.15 9.26 46.66 1
10 59 3.15 500.00 491.07 22.56 9.03 49.11 1
10 60 -369.33 500.00 505.31 22.24 8.90 50.53 1
10 61 837.84 500.00 476.35 22.91 9.16 47.63 1
10 62 -164.23 500.00 391.06 25.28 10.11 39.11 1
10 63 526.40 500.00 439.88 23.84 9.54 43.99 1
10 64 1474.23 500.00 322.58 27.84 11.14 32.26 1
10 65 473.51 500.00 385.90 25.45 10.18 38.59 1
10 66 -726.21 500.00 350.00 26.73 10.69 35.00 1
10 67 3065.83 500.00 328.35 27.59 11.04 32.84 1
10 68 -568.95 500.00 367.19 26.09 10.44 36.72 1
10 69 -606.27 500.00 328.25 27.60 11.04 32.82 1
10 70 -738.32 500.00 303.33 28.71 11.48 30.33 1
10 71 1484.32 500.00 291.26 29.30 11.72 29.13 1
10 72 -137.11 500.00 253.41 31.41 12.56 25.34 1
10 73 -678.06 500.00 233.09 32.75 13.10 23.31 1
10 74 575.36 500.00 262.12 30.88 12.35 26.21 1
11 0 -20.88 500.00 10229.53 4.94 1.98 1022.95 1
11 1 98.25 500.00 9455.98 5.14 2.06 945.60 1
11 2 153.71 500.00 9904.33 5.02 2.01 990.43 1
11 3 153.97 500.00 9090.47 5.24 2.10 909.05 1
11 4 232.60 500.00 8653.40 5.37 2.15 865.34 1
11 5 274.37 500.00 7530.47 5.76 2.30 753.05 1
11 6 221.60 500.00 6830.83 6.05 2.42 683.08 1
11 7 155.03 500.00 7050.26 5.95 2.38 705.03 1
11 8 165.75 500.00 5440.07 6.78 2.71 544.01 1
11 9 75.98 500.00 5874.26 6.52 2.61 587.43 1
11 10 -14.14 500.00 6799.57 6.06 2.43 679.96 1
11 11 -25.53 500.00 5301.09 6.87 2.75 530.11 1
11 12 -194.16 500.00 5728.11 6.61 2.64 572.81 1
11 13 -243.01 500.00 5406.32 6.80 2.72 540.63 1
11 14 -328.88 500.00 4380.49 7.55 3.02 438.05 1
11 15 -158.15 500.00 4162.68 7.75 3.10 416.27 1
11 16 -222.02 500.00 4912.32 7.13 2.85 491.23 1
11 17 -195.00 500.00 3913.00 7.99 3.20 391.30 1
11 18 -120.20 500.00 4219.13 7.70 3.08 421.91 1
11 19 -62.26 500.00 3635.97 8.29 3.32 363.60 1
11 20 -84.94 500.00 3069.81 9.02 3.61 306.98 1
11 21 24.32 500.00 3460.35 8.50 3.40 346.04 1
11 22 60.94 500.00 3512.78 8.44 3.37 351.28 1
11 23 178.58 500.00 3302.42 8.70 3.48 330.24 1
11 24 104.21 500.00 3560.39 8.38 3.35 356.04 1
11 25 230.80 500.00 2868.81 9.34 3.73 286.88 1
11 26 252.30 500.00 3571.35 8.37 3.35 357.13 1
11 27 116.94 500.00 2971.31 9.17 3.67 297.13 1
11 28 281.72 500.00 2556.24 9.89 3.96 255.62 1
11 29 214.93 500.00 2384.05 10.24 4.10 238.40 1
11 30 189.01 500.00 2479.91 10.04 4.02 247.99 1
11 31 -190.35 500.00 2087.40 10.94 4.38 208.74 1
11 32 126.23 500.00 1926.98 11.39 4.56 192.70 1
11 33 -201.51 500.00 2033.53 11.09 4.44 203.35 1
11 34 -6.10 500.00 1856.24 11.61 4.64 185.62 1
11 35 -133.27 500.00 1478.82 13.00 5.20 147.88 1
11 36 -268.65 500.00 1787.06 11.83 4.73 178.71 1
11 37 -76.79 500.00 1442.35 13.17 5.27 144.24 1
11 38 -178.15 500.00 1450.30 13.13 5.25 145.03 1
11 39 -5.59 500.00 1235.44 14.23 5.69 123.54 1
11 40 30.75 500.00 1481.02 12.99 5.20 148.10 1
11 41 -62.20 500.00 1124.79 14.91 5.96 112.48 1
11 42 409.53 500.00 1319.13 13.77 5.51 131.91 1
11 43 884.14 500.00 972.10 16.04 6.41 97.21 1
11 44 292.17 500.00 1262.39 14.07 5.63 126.24 1
11 45 33.66 500.00 1144.65 14.78 5.91 114.47 1
11 46 75.60 500.00 1116.59 14.96 5.99 111.66 1
11 47 -355.70 500.00 846.93 17.18 6.87 84.69 1
11 48 -49.24 500.00 899.06 16.68 6.67 89.91 1
11 49 391.70 500.00 948.39 16.24 6.49 94.84 1
11 50 -703.53 126.82 763.58 18.09 7.24 76.36 1
11 51 -655.08 500.00 849.71 17.15 6.86 84.97 1
11 52 -163.51 500.00 640.16 19.76 7.90 64.02 1
11 53 -41.48 500.00 778.99 17.91 7.17 77.90 1
11 54 -40.58 500.00 703.79 18.85 7.54 70.38 1
11 55 51.73 500.00 615.62 20.15 8.06 61.56 1
11 56 442.05 500.00 630.14 19.92 7.97 63.01 1
11 57 -581.23 500.00 642.63 19.72 7.89 64.26 1
11 58 518.93 500.00 553.31 21.26 8.50 55.33 1
11 59 260.83 500.00 498.60 22.39 8.96 49.86 1
11 60 -316.01 500.00 518.72 21.95 8.78 51.87 1
11 61 -983.25 500.00 566.10 21.01 8.41 56.61 1
11 62 762.70 500.00 441.13 23.81 9.52 44.11 1
11 63 -15.35 500.00 347.33 26.83 10.73 34.73 1
11 64 507.32 500.00 466.71 23.14 9.26 46.67 1
11 65 -523.60 500.00 363.83 26.21 10.49 36.38 1
11 66 475.83 500.00 386.56 25.43 10.17 38.66 1
11 67 -573.74 500.00 308.35 28.47 11.39 30.84 1
11 68 -1471.03 500.00 296.66 29.03 11.61 29.67 1
11 69 151.37 500.00 249.79 31.64 12.65 24.98 1
11 70 -773.69 500.00 329.32 27.55 11.02 32.93 1
11 71 506.24 500.00 311.11 28.35 11.34 31.11 1
11 72 223.09 306.54 312.78 28.27 11.31 31.28 1
11 73 -331.47 500.00 272.32 30.30 12.12 27.23 1
11 74 810.39 500.00 212.45 34.30 13.72 21.24 1
12 0 40.47 500.00 9126.53 5.23 2.09 912.65 1
12 1 15.24 500.00 6590.27 6.16 2.46 659.03 1
12 2 84.18 500.00 11694.39 4.62 1.85 1169.44 1
12 3 93.60 500.00 7636.13 5.72 2.29 763.61 1
12 4 104.84 500.00 7943.97 5.61 2.24 794.40 1
12 5 239.04 500.00 8077.04 5.56 2.23 807.70 1
12 6 182.47 500.00 7699.26 5.70 2.28 769.93 1
12 7 235.58 500.00 7876.81 5.63 2.25 787.68 1
12 8 128.31 500.00 6292.02 6.30 2.52 629.20 1
12 9 165.58 500.00 6431.06 6.23 2.49 643.11 1
12 10 80.98 500.00 6037.15 6.44 2.57 603.71 1
12 11 -98.10 500.00 5619.75 6.67 2.67 561.98 1
12 12 -114.10 500.00 5158.05 6.96 2.78 515.81 1
12 13 -109.97 500.00 5293.79 6.87 2.75 529.38 1
12 14 -124.38 500.00 4578.13 7.39 2.96 457.81 1
12 15 -234.91 500.00 4671.22 7.32 2.93 467.12 1
12 16 -210.46 500.00 5378.27 6.82 2.73 537.83 1
12 17 -105.66 500.00 4911.38 7.13 2.85 491.14 1
12 18 -167.47 500.00 3620.88 8.31 3.32 362.09 1
12 19 -139.23 500.00 3583.58 8.35 3.34 358.36 1
12 20 8.47 500.00 3590.20 8.34 3.34 359.02 1
12 21 159.28 500.00 3694.30 8.23 3.29 369.43 1
12 22 154.92 500.00 3702.23 8.22 3.29 370.22 1
12 23 285.27 500.00 3382.75 8.60 3.44 338.28 1
12 24 231.57 500.00 3477.46 8.48 3.39 347.75 1
12 25 133.08 500.00 2862.80 9.34 3.74 286.28 1
12 26 225.97 500.00 2812.46 9.43 3.77 281.25 1
12 27 290.98 500.00 2707.38 9.61 3.84 270.74 1
12 28 -219.17 500.00 2204.77 10.65 4.26 220.48 1
12 29 147.03 500.00 2620.95 9.77 3.91 262.10 1
12 30 -40.46 500.00 2134.63 10.82 4.33 213.46 1
12 31 -138.31 500.00 2370.16 10.27 4.11 237.02 1
12 32 -478.25 500.00 1966.83 11.27 4.51 196.68 1
12 33 -49.49 500.00 1839.36 11.66 4.66 183.94 1
12 34 -286.81 500.00 1788.98 11.82 4.73 178.90 1
12 35 -286.45 500.00 2150.32 10.78 4.31 215.03 1
12 36 190.88 500.00 1850.30 11.62 4.65 185.03 1
12 37 -224.72 500.00 1673.33 12.22 4.89 167.33 1
12 38 84.37 500.00 1605.77 12.48 4.99 160.58 1
12 39 259.87 500.00 1629.34 12.39 4.95 162.93 1
12 40 171.03 500.00 1283.41 13.96 5.58 128.34 1
12 41 -361.97 500.00 1449.71 13.13 5.25 144.97 1
12 42 -312.34 500.00 1300.71 13.86 5.55 130.07 1
12 43 80.83 500.00 993.35 15.86 6.35 99.34 1
12 44 10.44 500.00 879.05 16.86 6.75 87.90 1
12 45 397.34 500.00 912.12 16.56 6.62 91.21 1
12 46 208.89 500.00 1175.76 14.58 5.83 117.58 1
12 47 -148.05 500.00 1046.01 15.46 6.18 104.60 1
12 48 542.51 500.00 985.01 15.93 6.37 98.50 1
12 49 102.92 500.00 864.97 17.00 6.80 86.50 1
12 50 -225.50 500.00 731.75 18.48 7.39 73.18 1
12 51 -117.26 500.00 661.42 19.44 7.78 66.14 1
12 52 29.13 500.00 840.41 17.25 6.90 84.04 1
12 53 48.18 500.00 606.65 20.30 8.12 60.66 1
12 54 -976.06 500.00 664.98 19.39 7.76 66.50 1
12 55 169.25 500.00 792.57 17.76 7.10 79.26 1
12 56 -287.00 500.00 681.20 19.16 7.66 68.12 1
12 57 -59.40 500.00 640.86 19.75 7.90 64.09 1
12 58 174.62 500.00 499.60 22.37 8.95 49.96 1
12 59 -198.71 500.00 567.06 21.00 8.40 56.71 1
12 60 -300.54 500.00 502.51 22.30 8.92 50.25 1
12 61 -71.88 500.00 447.46 23.64 9.45 44.75 1
12 62 -278.35 500.00 521.03 21.90 8.76 52.10 1
12 63 -2043.47 500.00 338.75 27.17 10.87 33.88 1
12 64 -453.93 500.00 452.10 23.52 9.41 45.21 1
12 65 1136.70 500.00 376.75 25.76 10.30 37.68 1
12 66 2340.14 500.00 336.29 27.27 10.91 33.63 1
12 67 539.34 500.00 355.20 26.53 10.61 35.52 1
12 68 -702.39 500.00 341.81 27.04 10.82 34.18 1
12 69 254.64 500.00 362.64 26.26 10.50 36.26 1
12 70 1389.55 500.00 281.99 29.77 11.91 28.20 1
12 71 -1352.59 500.00 274.29 30.19 12.08 27.43 1
12 72 71.27 500.00 300.47 28.84 11.54 30.05 1
12 73 1821.39 500.00 243.84 32.02 12.81 24.38 1
12 74 698.33 500.00 257.23 31.17 12.47 25.72 1
13 0 -11.97 500.00 9264.35 5.19 2.08 926.44 1
13 1 55.75 500.00 9191.67 5.22 2.09 919.17 1
13 2 128.11 500.00 9030.09 5.26 2.10 903.01 1
13 3 147.89 500.00 8593.94 5.39 2.16 859.39 1
13 4 133.48 500.00 8522.09 5.42 2.17 852.21 1
13 5 173.40 500.00 8280.08 5.49 2.20 828.01 1
13 6 174.79 500.00 6752.48 6.08 2.43 675.25 1
13 7 174.56 500.00 7433.35 5.80 2.32 743.33 1
13 8 141.30 500.00 7483.26 5.78 2.31 748.33 1
13 9 2.23 500.00 6969.39 5.99 2.40 696.94 1
13 10 -51.04 500.00 6958.16 5.99 2.40 695.82 1
13 11 7.75 500.00 4639.65 7.34 2.94 463.97 1
13 12 -137.22 500.00 5873.62 6.52 2.61 587.36 1
13 13 -112.67 500.00 4549.00 7.41 2.97 454.90 1
13 14 -269.66 500.00 4270.80 7.65 3.06 427.08 1
13 15 -221.09 500.00 5297.89 6.87 2.75 529.79 1
13 16 -395.55 500.00 4718.18 7.28 2.91 471.82 1
13 17 -188.16 500.00 4605.50 7.37 2.95 460.55 1
13 18 -129.64 500.00 3988.98 7.92 3.17 398.90 1
13 19 -67.22 500.00 3896.67 8.01 3.20 389.67 1
13 20 -21.78 500.00 3341.41 8.65 3.46 334.14 1
13 21 216.16 500.00 3921.97 7.98 3.19 392.20 1
13 22 268.20 500.00 3057.41 9.04 3.62 305.74 1
13 23 138.89 500.00 2993.71 9.14 3.66 299.37 1
13 24 81.19 500.00 2939.84 9.22 3.69 293.98 1
13 25 354.66 500.00 2842.07 9.38 3.75 284.21 1
13 26 -177.16 500.00 2254.70 10.53 4.21 225.47 1
13 27 183.35 500.00 3026.38 9.09 3.64 302.64 1
13 28 137.37 500.00 2572.75 9.86 3.94 257.27 1
13 29 64.56 500.00 2673.68 9.67 3.87 267.37 1
13 30 83.24 500.00 2065.97 11.00 4.40 206.60 1
13 31 -252.46 500.00 1994.65 11.20 4.48 199.46 1
13 32 -362.51 500.00 1885.44 11.52 4.61 188.54 1
13 33 -130.02 500.00 1722.91 12.05 4.82 172.29 1
13 34 -620.82 500.00 1669.92 12.24 4.89 166.99 1
13 35 -185.92 500.00 1725.15 12.04 4.82 172.52 1
13 36 -96.23 500.00 1633.86 12.37 4.95 163.39 1
13 37 -0.43 500.00 1692.00 12.16 4.86 169.20 1
13 38 -429.30 500.00 1748.29 11.96 4.78 174.83 1
13 39 -134.96 500.00 1522.67 12.81 5.13 152.27 1
13 40 293.22 500.00 1330.06 13.71 5.48 133.01 1
13 41 241.15 500.00 1504.35 12.89 5.16 150.44 1
13 42 371.09 500.00 1237.09 14.22 5.69 123.71 1
13 43 139.05 500.00 1136.92 14.83 5.93 113.69 1
13 44 361.49 500.00 1113.31 14.99 5.99 111.33 1
13 45 403.56 500.00 1108.16 15.02 6.01 110.82 1
13 46 696.77 500.00 836.24 17.29 6.92 83.62 1
13 47 146.31 500.00 1009.56 15.74 6.29 100.96 1
13 48 434.63 500.00 957.65 16.16 6.46 95.77 1
13 49 79.28 500.00 831.77 17.34 6.93 83.18 1
13 50 -513.77 500.00 909.41 16.58 6.63 90.94 1
13 51 -127.70 500.00 702.02 18.87 7.55 70.20 1
13 52 -223.17 500.00 688.40 19.06 7.62 68.84 1
13 53 415.02 500.00 569.02 20.96 8.38 56.90 1
13 54 -741.92 500.00 735.38 18.44 7.38 73.54 1
13 55 -636.77 500.00 690.74 19.02 7.61 69.07 1
13 56 54.28 500.00 759.62 18.14 7.26 75.96 1
13 57 178.69 500.00 576.60 20.82 8.33 57.66 1
13 58 453.16 500.00 568.03 20.98 8.39 56.80 1
13 59 -632.13 500.00 489.89 22.59 9.04 48.99 1
13 60 -118.09 268.49 409.24 24.72 9.89 40.92 1
13 61 -604.68 500.00 497.90 22.41 8.96 49.79 1
13 62 272.58 500.00 506.76 22.21 8.88 50.68 1
13 63 -800.12 500.00 454.43 23.45 9.38 45.44 1
13 64 808.35 500.00 401.78 24.94 9.98 40.18 1
13 65 129.96 500.00 374.68 25.83 10.33 37.47 1
13 66 343.32 500.00 366.25 26.13 10.45 36.62 1
13 67 113.71 500.00 368.75 26.04 10.42 36.87 1
13 68 2185.88 500.00 385.68 25.46 10.18 38.57 1
13 69 1047.19 10.00 353.00 26.61 10.64 35.30 1
13 70 -493.65 10.00 316.78 28.09 11.24 31.68 1
13 71 1810.26 500.00 357.07 26.46 10.58 35.71 1
13 72 -525.39 500.00 261.92 30.89 12.36 26.19 1
13 73 -527.37 500.00 232.84 32.77 13.11 23.28 1
13 74 -553.26 500.00 296.37 29.04 11.62 29.64 1
14 0 -27.18 500.00 10750.98 4.82 1.93 1075.10 1
14 1 40.60 500.00 10040.74 4.99 2.00 1004.07 1
14 2 89.02 500.00 9129.71 5.23 2.09 912.97 1
14 3 182.28 500.00 8997.97 5.27 2.11 899.80 1
14 4 247.25 500.00 7869.00 5.64 2.25 786.90 1
14 5 204.69 500.00 9286.65 5.19 2.08 928.66 1
14 6 232.82 500.00 7587.81 5.74 2.30 758.78 1
14 7 86.63 500.00 7535.03 5.76 2.30 753.50 1
14 8 128.14 500.00 6166.22 6.37 2.55 616.62 1
14 9 89.92 500.00 6273.04 6.31 2.53 627.30 1
14 10 -41.25 500.00 6152.15 6.37 2.55 615.21 1
14 11 -19.69 500.00 5707.96 6.62 2.65 570.80 1
14 12 -150.50 500.00 5347.18 6.84 2.74 534.72 1
14 13 -53.44 500.00 6134.88 6.38 2.55 613.49 1
14 14 -127.48 500.00 4398.90 7.54 3.02 439.89 1
14 15 -198.00 500.00 4344.37 7.59 3.03 434.44 1
14 16 -45.19 500.00 4313.60 7.61 3.05 431.36 1
14 17 -140.62 500.00 4311.93 7.61 3.05 431.19 1
14 18 -31.31 500.00 3241.82 8.78 3.51 324.18 1
14 19 -125.20 500.00 3870.12 8.04 3.21 387.01 1
14 20 76.69 500.00 3615.93 8.31 3.33 361.59 1
14 21 82.01 500.00 3586.72 8.35 3.34 358.67 1
14 22 193.66 500.00 3146.05 8.91 3.57 314.60 1
14 23 12.91 500.00 3510.04 8.44 3.38 351.00 1
14 24 148.53 500.00 3116.89 8.96 3.58 311.69 1
14 25 369.34 500.00 3022.98 9.09 3.64 302.30 1
14 26 228.59 500.00 2910.55 9.27 3.71 291.06 1
14 27 -232.77 500.00 2081.05 10.96 4.38 208.10 1
14 28 281.67 500.00 2226.84 10.60 4.24 222.68 1
14 29 300.30 500.00 2207.02 10.64 4.26 220.70 1
14 30 78.25 500.00 2344.79 10.33 4.13 234.48 1
14 31 -37.54 500.00 2041.28 11.07 4.43 204.13 1
14 32 -149.73 500.00 2096.71 10.92 4.37 209.67 1
14 33 -320.27 500.00 2197.43 10.67 4.27 219.74 1
14 34 -286.34 500.00 1801.85 11.78 4.71 180.18 1
14 35 -220.85 500.00 1792.45 11.81 4.72 179.25 1
14 36 -229.37 500.00 1440.05 13.18 5.27 144.01 1
14 37 -254.47 500.00 1608.32 12.47 4.99 160.83 1
14 38 50.80 500.00 1640.23 12.35 4.94 164.02 1
14 39 -230.51 500.00 1387.93 13.42 5.37 138.79 1
14 40 133.72 500.00 1058.48 15.37 6.15 105.85 1
14 41 186.98 500.00 1277.24 13.99 5.60 127.72 1
14 42 -73.72 500.00 1180.64 14.55 5.82 118.06 1
14 43 -47.33 500.00 972.21 16.04 6.41 97.22 1
14 44 344.63 500.00 1142.30 14.79 5.92 114.23 1
14 45 -19.18 500.00 1058.71 15.37 6.15 105.87 1
14 46 -204.31 500.00 983.90 15.94 6.38 98.39 1
14 47 1251.55 500.00 973.72 16.02 6.41 97.37 1
14 48 83.33 500.00 871.19 16.94 6.78 87.12 1
14 49 -341.68 500.00 901.82 16.65 6.66 90.18 1
14 50 -108.16 500.00 898.88 16.68 6.67 89.89 1
14 51 -447.71 500.00 819.81 17.46 6.99 81.98 1
14 52 -224.23 500.00 773.07 17.98 7.19 77.31 1
14 53 608.02 500.00 638.11 19.79 7.92 63.81 1
14 54 31.72 500.00 608.57 20.27 8.11 60.86 1
14 55 -1064.85 500.00 679.30 19.18 7.67 67.93 1
14 56 -942.87 500.00 610.87 20.23 8.09 61.09 1
14 57 -270.64 500.00 713.51 18.72 7.49 71.35 1
14 58 1106.97 500.00 463.70 23.22 9.29 46.37 1
14 59 896.90 500.00 438.29 23.88 9.55 43.83 1
14 60 144.92 500.00 522.67 21.87 8.75 52.27 1
14 61 199.16 500.00 515.63 22.02 8.81 51.56 1
14 62 -646.58 500.00 492.63 22.53 9.01 49.26 1
14 63 1319.37 500.00 399.49 25.02 10.01 39.95 1
14 64 2249.31 500.00 367.05 26.10 10.44 36.71 1
14 65 361.44 500.00 378.82 25.69 10.28 37.88 1
14 66 408.83 500.00 366.73 26.11 10.44 36.67 1
14 67 718.24 500.00 257.03 31.19 12.47 25.70 1
14 68 514.55 500.00 359.20 26.38 10.55 35.92 1
14 69 -580.12 500.00 336.79 27.25 10.90 33.68 1
14 70 -732.80 500.00 327.50 27.63 11.05 32.75 1
14 71 -1280.93 500.00 264.07 30.77 12.31 26.41 1
14 72 792.30 500.00 266.00 30.66 12.26 26.60 1
14 73 -1018.15 500.00 197.52 35.58 14.23 19.75 1
14 74 4571.39 500.00 249.97 31.62 12.65 25.00 1
15 0 32.01 500.00 10017.76 5.00 2.00 1001.78 1
15 1 85.88 500.00 12232.31 4.52 1.81 1223.23 1
15 2 121.57 500.00 10099.63 4.98 1.99 1009.96 1
15 3 107.01 500.00 9089.65 5.24 2.10 908.97 1
15 4 141.51 500.00 7617.89 5.73 2.29 761.79 1
15 5 196.95 500.00 8189.25 5.53 2.21 818.93 1
15 6 175.97 500.00 6898.32 6.02 2.41 689.83 1
15 7 147.85 500.00 7330.52 5.84 2.34 733.05 1
15 8 212.48 500.00 6755.46 6.08 2.43 675.55 1
15 9 80.84 500.00 6563.70 6.17 2.47 656.37 1
15 10 45.29 500.00 5434.76 6.78 2.71 543.48 1
15 11 -73.37 500.00 6353.30 6.27 2.51 635.33 1
15 12 -79.66 500.00 5651.96 6.65 2.66 565.20 1
15 13 -218.90 500.00 4821.46 7.20 2.88 482.15 1
15 14 -164.31 500.00 5252.54 6.90 2.76 525.25 1
15 15 -227.48 500.00 4946.98 7.11 2.84 494.70 1
15 16 -185.95 500.00 4251.65 7.67 3.07 425.17 1
15 17 -101.85 500.00 4350.13 7.58 3.03 435.01 1
15 18 15.06 500.00 3855.09 8.05 3.22 385.51 1
15 19 -167.20 500.00 4872.78 7.16 2.87 487.28 1
15 20 -14.45 500.00 3964.32 7.94 3.18 396.43 1
15 21 154.87 500.00 3359.94 8.63 3.45 335.99 1
15 22 135.37 500.00 2895.11 9.29 3.72 289.51 1
15 23 66.04 500.00 3466.02 8.49 3.40 346.60 1
15 24 267.19 500.00 2814.59 9.42 3.77 281.46 1
15 25 233.68 500.00 2821.15 9.41 3.77 282.12 1
15 26 94.04 500.00 2708.12 9.61 3.84 270.81 1
15 27 184.12 500.00 2665.17 9.69 3.87 266.52 1
15 28 196.59 500.00 2702.30 9.62 3.85 270.23 1
15 29 29.82 500.00 2308.48 10.41 4.16 230.85 1
15 30 22.05 500.00 2144.06 10.80 4.32 214.41 1
15 31 97.32 500.00 2231.42 10.58 4.23 223.14 1
15 32 -172.10 500.00 1934.90 11.37 4.55 193.49 1
15 33 -351.48 500.00 1979.30 11.24 4.50 197.93 1
15 34 -226.42 500.00 1607.22 12.47 4.99 160.72 1
15 35 -97.07 500.00 1626.44 12.40 4.96 162.64 1
15 36 18.08 500.00 2009.77 11.15 4.46 200.98 1
15 37 -97.38 500.00 1548.92 12.70 5.08 154.89 1
15 38 -780.68 500.00 1460.89 13.08 5.23 146.09 1
15 39 17.13 500.00 1310.20 13.81 5.53 131.02 1
15 40 -23.93 500.00 1226.60 14.28 5.71 122.66 1
15 41 163.33 500.00 1175.53 14.58 5.83 117.55 1
15 42 169.22 500.00 1281.58 13.97 5.59 128.16 1
15 43 23.54 500.00 1192.61 14.48 5.79 119.26 1
15 44 496.23 500.00 892.90 16.73 6.69 89.29 1
15 45 201.94 500.00 1027.35 15.60 6.24 102.73 1
15 46 187.53 500.00 964.07 16.10 6.44 96.41 1
15 47 -43.37 500.00 776.79 17.94 7.18 77.68 1
15 48 442.92 500.00 960.11 16.14 6.45 96.01 1
15 49 568.76 500.00 840.07 17.25 6.90 84.01 1
15 50 241.18 500.00 872.08 16.93 6.77 87.21 1
15 51 162.06 500.00 854.03 17.11 6.84 85.40 1
15 52 -399.34 500.00 642.31 19.73 7.89 64.23 1
15 53 97.29 500.00 751.11 18.24 7.30 75.11 1
15 54 762.89 500.00 624.15 20.01 8.01 62.42 1
15 55 566.10 500.00 667.10 19.36 7.74 66.71 1
15 56 -423.22 500.00 731.87 18.48 7.39 73.19 1
15 57 -199.99 500.00 563.78 21.06 8.42 56.38 1
15 58 -262.38 500.00 591.41 20.56 8.22 59.14 1
15 59 -131.68 500.00 486.18 22.68 9.07 48.62 1
15 60 -775.27 500.00 430.76 24.09 9.64 43.08 1
15 61 72.64 500.00 416.55 24.50 9.80 41.65 1
15 62 560.91 500.00 458.57 23.35 9.34 45.86 1
15 63 288.07 500.00 367.47 26.08 10.43 36.75 1
15 64 874.67 500.00 284.53 29.64 11.86 28.45 1
15 65 263.12 500.00 411.34 24.65 9.86 41.13 1
15 66 646.52 500.00 360.53 26.33 10.53 36.05 1
15 67 1258.09 500.00 359.85 26.36 10.54 35.98 1
15 68 357.49 500.00 372.65 25.90 10.36 37.26 1
15 69 -169.83 500.00 326.85 27.66 11.06 32.68 1
15 70 2334.77 500.00 292.45 29.24 11.70 29.25 1
15 71 379.63 500.00 246.29 31.86 12.74 24.63 1
15 72 679.70 500.00 283.16 29.71 11.89 28.32 1
15 73 6.21 500.00 241.30 32.19 12.87 24.13 1
15 74 1943.06 500.00 228.14 33.10 13.24 22.81 1
